18
16
15
14
14
14
13
11
9
5
3
0
-2
-4
-5
-8
-10
-11
-10
-11
-11
-10
-10
-11
-11
-10
-11
-11
-11
-11
-12
-10
-10
-9
-8
-8
-7
-7
-7
-6
-7
-7
-8
-8
-10
-9
-9
-11
-12
-11
-12
-12
-12
-13
-12
-12
-13
-13
-12
-13
-11
-12
-10
-9
-9
-6
-5
-3
-3
-1
2
3
4
6
7
8
9
9
10
10
10
11
11
12
12
11
10
8
7
6
4
4
2
1
0
0
-1
-2
-1
-1
2
4
7
10
11
12
14
16
18
20
20
20
20
19
18
19
19
22
20
18
16
16
15
15
13
10
7
3
0
-2
-4
-6
-8
-11
-12
-15
-16
-16
-17
-17
-17
-19
-21
-22
-25
-26
-27
-28
-28
-30
-31
-32
-30
-24
-20
-18
-21
-26
-35
-40
-45
-47
-53
-65
-79
-91
-98
-103
-104
-109
-118
-130
-147
-161
-169
-172
-178
-186
-195
-195
-182
-169
-157
-146
-129
-106
-84
-60
-34
-3
35
56
61
65
78
90
92
87
96
123
139
133
123
124
130
109
55
18
19
37
33
12
13
42
77
129
264
522
828
1038
1085
1059
1073
1141
1230
1316
1392
1409
1265
971
702
607
648
618
409
122
-120
-320
-521
-696
-774
-821
-994
-1317
-1601
-1665
-1557
-1472
-1482
-1443
-1240
-972
-745
-516
-160
291
636
798
927
1175
1469
1617
1609
1651
1794
1875
1762
1521
1331
1220
1023
682
338
45
-279
-738
-1278
-1709
-1988
-2275
-2639
-2983
-3203
-3315
-3408
-3461
-3391
-3183
-2952
-2783
-2599
-2304
-1928
-1574
-1252
-903
-476
-33
348
722
1154
1587
1933
2156
2291
2404
2472
2457
2387
2285
2138
1932
1632
1283
991
735
447
81
-318
-659
-895
-1115
-1355
-1566
-1688
-1713
-1718
-1733
-1695
-1543
-1348
-1145
-844
-205
798
1859
2600
2890
2997
3178
3454
3723
4037
4328
4413
4066
3320
2670
2502
2599
2472
1923
1124
393
-263
-950
-1525
-1797
-1948
-2355
-3120
-3817
-3972
-3675
-3386
-3355
-3311
-2969
-2443
-1999
-1571
-898
70
936
1372
1661
2161
2827
3262
3221
2968
2941
3094
3084
2801
2396
2008
1529
764
-150
-833
-1230
-1662
-2399
-3345
-4131
-4552
-4780
-5022
-5239
-5290
-5193
-5085
-4967
-4651
-4018
-3221
-2553
-2087
-1616
-996
-233
523
1134
1681
2271
2806
3195
3471
3728
4049
4215
4016
3600
3220
2945
2670
2192
1505
845
275
-290
-904
-1466
-1879
-2171
-2546
-3020
-3399
-3528
-3443
-3322
-3129
-2859
-2479
-2107
-1783
-1438
-915
-197
766
2125
3656
5082
5979
6285
6338
6570
6884
7169
7285
7042
6427
5300
3920
2844
2417
2250
1831
875
-382
-1603
-2735
-3768
-4569
-4999
-5292
-5779
-6441
-6776
-6437
-5583
-4779
-4206
-3558
-2690
-1794
-992
-160
1014
2504
3711
4356
4720
5203
5824
6215
6048
5645
5395
5105
4424
3348
2213
1314
523
-550
-1871
-3047
-3897
-4619
-5477
-6446
-7143
-7387
-7455
-7587
-7644
-7331
-6627
-5824
-5190
-4627
-3807
-2719
-1704
-902
-171
695
1710
2508
2966
3412
4005
4557
4804
4650
4429
4437
4384
3967
3277
2631
2191
1745
989
24
-739
-1246
-1782
-2508
-3208
-3616
-3720
-3865
-4239
-4471
-4330
-3916
-3473
-3131
-2714
-2032
-1319
-832
-447
121
1095
2520
4206
5916
7383
8253
8462
8385
8495
8807
9108
8975
8163
6806
5138
3485
2337
1823
1514
975
-118
-1560
-2896
-3927
-4786
-5440
-5985
-6555
-7121
-7604
-7646
-6986
-5801
-4563
-3406
-2249
-1060
90
1097
2042
3147
4292
5056
5315
5350
5478
5780
5957
5738
5250
4596
3641
2242
536
-1126
-2462
-3573
-4795
-6178
-7362
-8116
-8457
-8599
-8714
-8659
-8331
-7929
-7567
-7159
-6488
-5324
-3963
-2770
-1713
-523
910
2348
3457
4251
5008
5720
6163
6212
6118
6125
6148
5906
5283
4596
4140
3699
2910
1816
729
-127
-939
-1973
-3023
-3773
-4220
-4632
-5201
-5697
-5708
-5315
-4892
-4600
-4355
-3899
-3251
-2609
-2016
-1322
-487
327
929
1498
2422
4145
6461
8650
10110
10568
10372
10075
9926
9795
9632
9025
7804
5921
3620
1661
576
158
-296
-1292
-2734
-4164
-5361
-6266
-6982
-7391
-7602
-8011
-8593
-8913
-8501
-7209
-5621
-4204
-2730
-1052
690
2274
3569
4853
6272
7325
7676
7410
7057
6928
6804
6397
5694
5007
4359
3429
1996
243
-1557
-3231
-4930
-6740
-8347
-9507
-10180
-10468
-10518
-10237
-9444
-8341
-7302
-6505
-5778
-4872
-3736
-2557
-1483
-381
925
2299
3517
4526
5465
6524
7400
7732
7619
7301
6939
6389
5457
4350
3391
2535
1598
468
-624
-1388
-1944
-2603
-3537
-4440
-5079
-5562
-6105
-6721
-7110
-7031
-6626
-6155
-5537
-4673
-3581
-2419
-1460
-656
181
1079
1760
2139
2473
3315
5170
7576
9726
11016
11414
11387
11367
11259
10988
10463
9279
7187
4230
1199
-869
-1696
-1931
-2391
-3314
-4339
-5257
-6003
-6549
-6790
-6673
-6729
-7423
-8277
-8472
-7535
-5782
-4039
-2382
-449
1722
3801
5540
7143
8905
10388
10901
10267
9081
8131
7407
6478
5184
3747
2669
1828
708
-689
-2166
-3562
-4967
-6775
-8825
-10538
-11728
-12430
-12921
-13146
-12626
-11288
-9458
-7685
-6151
-4588
-2946
-1460
-370
335
1078
2022
2821
3366
3889
4744
6000
7031
7498
7631
7641
7469
6753
5397
3815
2429
1157
-282
-1858
-3117
-3733
-3937
-4194
-4638
-4896
-4812
-4658
-4812
-5270
-5561
-5509
-5260
-5150
-5059
-4475
-3286
-1782
-399
770
2078
3543
4594
5129
5484
6524
8544
10479
11499
11531
11186
11131
11221
11065
10781
10171
8806
6276
2818
-191
-1939
-2796
-3671
-5189
-6730
-7677
-8258
-8568
-8618
-8261
-7606
-7555
-8229
-8666
-8129
-6523
-4745
-3408
-1968
-2
2254
4364
6152
8086
10209
11721
12111
11455
10558
9889
8922
7249
5103
3034
1555
256
-1295
-2828
-4167
-5237
-6288
-7595
-8880
-9773
-10411
-11042
-11767
-12188
-11741
-10577
-9089
-7645
-6175
-4304
-2210
-260
1324
2530
3536
4261
4487
4428
4510
4880
5327
5460
5305
5212
5294
5324
4941
4129
3145
2064
779
-792
-2398
-3678
-4540
-5172
-5817
-6328
-6437
-6114
-5510
-4923
-4473
-4061
-3622
-3225
-2924
-2669
-2262
-1540
-673
216
1078
2136
3416
4501
5274
5864
7014
9074
11176
12436
12442
11669
10993
10539
10051
9431
8472
6851
4275
922
-1990
-3583
-4066
-4356
-5396
-6727
-7711
-8272
-8372
-8297
-7939
-7374
-7322
-7797
-8050
-7379
-5615
-3589
-1979
-406
1497
3737
5882
7626
9406
11139
12252
12324
11328
10119
9093
7799
5945
3665
1545
-4
-1319
-2803
-4294
-5499
-6409
-7354
-8545
-9650
-10394
-10824
-11292
-11841
-11949
-11269
-9911
-8347
-6821
-5172
-3136
-915
1059
2601
3804
4785
5425
5646
5563
5563
5735
5817
5623
5268
5082
5092
4973
4408
3475
2432
1376
112
-1433
-2994
-4304
-5249
-6043
-6766
-7157
-7046
-6540
-5884
-5343
-4833
-4162
-3467
-2836
-2431
-2060
-1523
-854
-80
712
1583
2652
3754
4530
5101
5622
6701
8614
10537
11818
11939
11269
10657
10269
10021
9615
8623
6815
4012
565
-2385
-4190
-4974
-5487
-6567
-7790
-8619
-8888
-8478
-7809
-7024
-6304
-6167
-6412
-6449
-5784
-4316
-2797
-1616
-375
1249
3315
5470
7458
9481
11283
12436
12719
12135
11237
10084
8361
6111
3530
1129
-850
-2656
-4315
-5751
-6865
-7613
-8173
-8646
-8995
-9288
-9601
-9986
-10349
-10319
-9819
-8925
-7804
-6590
-5092
-3159
-931
1300
3192
4598
5633
6339
6721
6820
6719
6426
5921
5190
4363
3741
3379
3044
2464
1606
665
-238
-1200
-2338
-3624
-4893
-5979
-6919
-7719
-8258
-8411
-8087
-7437
-6770
-6005
-5018
-3833
-2595
-1663
-958
-258
569
1526
2343
2989
3676
4412
4960
5328
5675
6830
9019
11175
12520
12453
11686
11265
11084
10921
10411
9150
7050
3895
130
-2861
-4448
-5029
-5721
-7314
-8819
-9466
-9276
-8392
-7503
-6433
-5342
-5115
-5267
-5043
-3926
-2103
-903
-476
83
1342
3283
5205
6806
8565
10222
11337
11727
11370
11032
10393
8738
6212
3182
498
-1644
-3765
-5890
-7805
-9236
-10144
-10812
-11180
-11072
-10650
-10166
-9976
-9948
-9530
-8671
-7535
-6473
-5587
-4424
-2785
-824
1101
2811
4435
5918
7062
7735
7986
8140
8177
7771
6844
5626
4559
3808
2998
1900
677
-396
-1164
-1941
-2927
-3911
-4688
-5243
-5895
-6811
-7532
-7707
-7514
-7165
-6902
-6461
-5412
-4183
-3039
-2019
-1130
41
1214
2104
2875
3548
4278
4991
5227
5231
5384
5942
7508
9258
10558
11235
10762
10085
9585
9047
8808
8144
6510
4030
667
-2362
-4125
-5115
-5601
-6453
-7639
-8199
-8483
-8144
-7090
-5997
-4713
-4056
-4130
-3644
-2636
-1194
179
701
1296
2334
3531
5010
6294
7558
8908
9552
9732
9639
9264
8871
7607
5443
3103
720
-1325
-3255
-5340
-7127
-8601
-9779
-10524
-10998
-11034
-10699
-10301
-9786
-9235
-8480
-7385
-6247
-5135
-4048
-2920
-1566
-75
1361
2668
3848
4906
5801
6474
6911
7148
7246
7084
6561
5796
4849
3952
3053
1896
598
-729
-1892
-2890
-3911
-4890
-5648
-6118
-6389
-6737
-7120
-7178
-6942
-6490
-5981
-5533
-4722
-3691
-2792
-1952
-1165
-165
1076
2157
3090
3933
4647
5290
5695
5974
6324
6543
6886
7635
8538
9435
9562
8828
8152
7684
7394
6882
5668
4140
2301
20
-2152
-3818
-4711
-5145
-6022
-7079
-7672
-7628
-6898
-6173
-5557
-4683
-3916
-3193
-2361
-1419
-118
1001
1657
2341
3218
4391
5533
6226
6849
7512
7974
8207
7954
7386
6607
5298
3678
1886
96
-1481
-3136
-4847
-6422
-7775
-8636
-9149
-9538
-9799
-9919
-9651
-8964
-8154
-7290
-6390
-5337
-4072
-2948
-1845
-544
853
2162
2986
3524
4230
5023
5689
5956
5933
5955
5855
5505
4885
4091
3390
2537
1238
-232
-1659
-2777
-3644
-4665
-5594
-6277
-6663
-6777
-6918
-6919
-6611
-6081
-5441
-4908
-4322
-3463
-2462
-1491
-735
-57
878
1960
2931
3705
4261
4877
5404
5618
5691
5660
5818
6005
6297
6944
7512
7778
7359
6473
5915
5646
5271
4553
3297
1814
236
-1595
-3046
-3893
-4247
-4458
-5191
-5781
-5739
-5224
-4337
-3743
-3216
-2345
-1593
-852
-169
451
1383
2096
2501
3016
3595
4345
4957
5144
5435
5749
5897
5888
5382
4695
3839
2614
1303
-129
-1462
-2630
-3986
-5403
-6629
-7533
-8040
-8455
-8887
-8997
-8704
-8058
-7273
-6565
-5712
-4611
-3413
-2249
-1195
-126
1043
2023
2669
3128
3627
4264
4801
5006
4979
4950
4934
4771
4305
3618
2855
1919
756
-593
-1915
-2977
-3971
-4920
-5726
-6319
-6601
-6700
-6655
-6375
-5802
-5075
-4394
-3806
-3223
-2442
-1446
-463
409
1207
2005
2884
3674
4242
4720
5152
5508
5694
5581
5438
5297
4963
4459
3887
3964
4681
5186
5065
4194
3355
3127
3014
2827
2546
2006
1151
-371
-2143
-3062
-3122
-2945
-3253
-4099
-4401
-4051
-3469
-2761
-2100
-1135
-278
-118
-63
316
1117
1880
1831
1469
1491
1868
2381
2576
2637
2971
3187
3180
3001
2791
2833
2604
1856
877
-179
-928
-1624
-2614
-3652
-4740
-5634
-6264
-6804
-7018
-6871
-6477
-5878
-5329
-4625
-3522
-2283
-1086
-249
342
1077
1786
2352
2708
2911
3249
3532
3609
3588
3508
3540
3471
3007
2320
1492
687
-100
-1203
-2433
-3505
-4367
-5017
-5705
-6333
-6573
-6423
-5979
-5484
-4975
-4273
-3477
-2691
-1990
-1307
-386
654
1474
2046
2459
2963
3609
4104
4324
4330
4297
4294
4202
3942
3572
3216
2800
2197
1485
1003
1185
1790
2227
2112
1658
1608
2088
2667
3109
3337
3365
3023
2010
881
368
405
478
-83
-901
-1135
-920
-578
-403
-271
198
510
362
106
-2
246
369
-50
-478
-592
-462
-330
-486
-506
-182
112
375
511
715
1064
1093
854
437
-61
-437
-979
-1726
-2472
-3209
-3795
-4287
-4746
-4913
-4767
-4377
-3885
-3508
-3012
-2301
-1502
-747
-224
259
792
1189
1395
1454
1561
1760
1801
1608
1332
1188
1162
976
580
155
-240
-643
-1178
-1763
-2172
-2497
-2865
-3300
-3615
-3523
-3148
-2727
-2373
-2045
-1542
-912
-292
330
919
1500
1959
2150
2282
2515
2796
2966
2785
2493
2392
2406
2435
2220
1825
1542
1253
889
456
-45
-415
-768
-1143
-1091
-633
82
719
948
1258
1844
2574
3367
3839
3949
3786
3183
2548
2160
1889
1676
1103
323
-175
-530
-676
-708
-789
-747
-906
-1212
-1251
-1192
-1116
-1294
-1802
-2007
-1903
-1753
-1573
-1530
-1332
-922
-644
-231
378
1033
1628
1687
1451
1373
1357
1369
1052
379
-231
-840
-1413
-1873
-2306
-2518
-2609
-2778
-2814
-2713
-2366
-1793
-1403
-1185
-1037
-821
-419
-195
-248
-387
-514
-500
-488
-595
-641
-616
-614
-714
-886
-906
-775
-741
-949
-1300
-1464
-1355
-1189
-1130
-1186
-1129
-839
-463
-70
319
767
1262
1553
1674
1787
1986
2243
2205
1895
1637
1564
1673
1651
1362
1124
992
856
638
207
-138
-312
-623
-1023
-1442
-1662
-1561
-1471
-1204
-465
576
1775
2637
3162
3906
4795
5737
6504
6705
6520
5916
4897
3962
3117
2345
1537
272
-1023
-2057
-2777
-2954
-3031
-3133
-3240
-3605
-3822
-3757
-3574
-3211
-3085
-3155
-3097
-3033
-2737
-2220
-1688
-974
-343
203
967
1771
2653
3342
3566
3666
3612
3425
3129
2447
1623
724
-305
-1215
-2065
-2761
-3226
-3663
-3940
-4009
-3915
-3564
-3226
-2967
-2734
-2620
-2430
-2195
-1997
-1747
-1579
-1425
-1211
-976
-613
-238
115
451
633
772
896
979
1105
1112
1026
993
936
950
1015
1045
1148
1217
1211
1186
1100
1036
960
787
577
323
145
70
-95
-295
-475
-632
-713
-886
-1128
-1236
-1254
-1272
-1389
-1573
-1552
-1314
-1101
-999
-904
-618
-138
314
914
1907
3196
4423
5120
5492
6060
6831
7487
7675
7369
6820
5922
4542
3015
1687
644
-401
-1802
-3173
-4053
-4446
-4535
-4626
-4583
-4230
-3823
-3503
-3284
-3013
-2545
-2182
-2085
-2021
-1803
-1333
-780
-345
217
996
1925
2894
3630
4210
4640
4766
4625
4162
3511
2800
1842
639
-707
-2026
-3064
-3908
-4694
-5354
-5843
-6031
-6026
-6007
-5802
-5391
-4857
-4341
-3994
-3528
-2808
-2013
-1298
-819
-386
188
735
1151
1450
1753
2124
2306
2294
2329
2516
2813
2879
2674
2459
2291
2161
1905
1448
1046
698
322
-51
-405
-522
-480
-582
-784
-959
-966
-852
-905
-1076
-1240
-1352
-1371
-1443
-1477
-1289
-992
-706
-526
-343
107
712
1186
1459
1626
1905
2275
2563
2873
3427
4249
5017
5418
5536
5713
6030
6198
5979
5446
4763
3861
2547
926
-546
-1627
-2523
-3514
-4513
-5098
-5203
-5144
-5100
-4979
-4521
-3855
-3372
-3109
-2843
-2400
-1888
-1549
-1251
-741
-1
736
1203
1575
2155
2883
3512
3817
3875
3881
3720
3304
2687
1969
1279
465
-588
-1735
-2809
-3639
-4285
-4908
-5460
-5843
-5962
-5825
-5589
-5228
-4642
-3889
-3056
-2304
-1630
-907
-180
491
989
1334
1690
2074
2392
2578
2658
2768
2911
2991
2993
2909
2784
2596
2241
1757
1243
800
420
-42
-569
-1022
-1320
-1466
-1549
-1620
-1635
-1615
-1603
-1613
-1618
-1519
-1321
-1130
-1025
-967
-833
-554
-194
157
525
913
1276
1588
1831
2063
2320
2470
2452
2298
2135
2096
2102
2130
2213
2332
2461
2486
2383
2300
2247
2120
1871
1458
985
487
-104
-710
-1304
-1821
-2216
-2564
-2785
-2814
-2726
-2575
-2399
-2154
-1758
-1293
-826
-389
-28
275
470
597
800
1051
1266
1372
1362
1375
1469
1586
1680
1703
1631
1448
1135
754
343
-104
-621
-1266
-2000
-2694
-3284
-3709
-3978
-4154
-4228
-4177
-3956
-3551
-3021
-2430
-1820
-1241
-720
-266
126
539
947
1251
1432
1527
1634
1795
1955
2041
2010
1906
1779
1606
1386
1153
891
579
171
-311
-723
-1002
-1179
-1315
-1479
-1599
-1584
-1445
-1229
-1003
-762
-505
-298
-160
-49
159
470
753
922
1020
1187
1440
1661
1792
1899
2030
2137
2094
1923
1771
1671
1551
1302
962
693
518
393
282
183
184
241
263
276
310
411
523
521
397
181
-56
-256
-465
-698
-948
-1182
-1313
-1343
-1301
-1191
-1036
-828
-645
-527
-396
-207
8
133
94
-20
-93
-87
-43
-10
51
143
221
272
315
426
580
643
544
313
48
-202
-486
-795
-1108
-1410
-1654
-1829
-1897
-1832
-1701
-1539
-1367
-1171
-907
-600
-293
-28
158
298
419
542
679
786
850
876
865
848
843
852
844
761
584
343
99
-110
-295
-477
-681
-893
-1057
-1173
-1218
-1173
-1064
-898
-721
-563
-387
-178
69
318
521
686
823
943
1054
1117
1159
1208
1231
1234
1203
1150
1111
1065
992
880
730
572
399
219
41
-144
-295
-392
-435
-415
-346
-233
-86
74
247
427
607
777
878
879
797
660
509
355
198
42
-129
-288
-404
-465
-466
-437
-410
-399
-428
-473
-499
-516
-526
-553
-620
-700
-740
-704
-590
-447
-307
-187
-87
-4
72
150
212
200
83
-95
-266
-397
-515
-650
-794
-902
-939
-919
-851
-751
-642
-538
-439
-331
-195
-41
93
166
187
211
285
397
489
529
527
522
513
487
435
363
273
148
-10
-168
-289
-364
-413
-464
-503
-491
-424
-328
-233
-125
26
195
353
482
580
686
786
864
932
981
998
968
894
809
731
656
570
457
320
172
24
-99
-212
-335
-456
-576
-671
-720
-729
-703
-653
-578
-464
-313
-130
73
281
465
607
720
824
899
909
837
708
561
408
256
117
-13
-157
-313
-448
-539
-590
-614
-634
-655
-681
-709
-709
-673
-622
-574
-524
-457
-363
-245
-120
5
124
225
289
342
394
419
394
309
207
124
42
-59
-180
-289
-358
-413
-454
-463
-441
-411
-415
-436
-409
-329
-225
-147
-106
-62
-8
47
98
148
191
203
168
113
65
35
-6
-76
-145
-186
-199
-198
-197
-183
-153
-111
-49
37
148
267
364
452
541
639
739
823
876
893
881
855
812
745
659
560
458
345
217
94
-22
-121
-204
-288
-355
-408
-454
-492
-524
-530
-490
-432
-372
-313
-241
-129
9
150
280
381
458
506
523
530
515
462
374
248
106
-31
-151
-252
-356
-457
-548
-615
-638
-631
-615
-595
-569
-530
-491
-457
-407
-334
-256
-195
-149
-89
-6
86
164
226
281
329
359
365
354
334
293
219
126
32
-51
-123
-202
-279
-346
-394
-417
-419
-406
-387
-369
-339
-296
-236
-166
-98
-35
6
35
78
127
164
177
158
132
111
89
59
26
0
-15
-27
-23
9
63
123
166
210
276
355
439
497
532
570
604
622
618
595
568
529
467
394
311
239
175
98
15
-71
-136
-179
-232
-290
-330
-347
-349
-362
-385
-381
-338
-276
-227
-195
-144
-68
15
94
165
238
303
325
309
286
272
252
190
84
-34
-137
-220
-295
-363
-412
-439
-457
-470
-466
-437
-390
-348
-315
-288
-253
-209
-163
-122
-89
-55
-13
28
64
103
149
197
230
239
240
243
246
238
202
156
107
50
-19
-93
-154
-196
-240
-292
-338
-356
-342
-312
-282
-254
-216
-160
-97
-39
12
53
84
100
99
102
115
124
116
90
65
61
80
108
127
140
160
187
221
256
293
334
359
365
365
371
384
391
373
338
306
280
254
216
174
141
105
59
10
-31
-57
-83
-121
-163
-198
-214
-221
-231
-239
-235
-219
-200
-181
-155
-116
-64
-13
22
48
73
101
124
130
122
112
92
55
5
-48
-93
-135
-179
-232
-276
-302
-314
-321
-329
-327
-307
-277
-249
-227
-202
-171
-146
-130
-115
-91
-59
-40
-30
-19
4
35
69
97
118
133
148
154
153
143
124
91
45
-12
-66
-113
-150
-184
-214
-237
-245
-237
-217
-189
-154
-106
-55
-5
41
83
126
164
193
213
228
239
245
243
240
242
244
240
234
229
230
233
235
233
230
230
228
223
215
208
197
181
160
139
122
101
74
47
23
5
-10
-21
-35
-60
-83
-100
-113
-120
-130
-139
-146
-151
-151
-151
-142
-127
-115
-106
-99
-87
-67
-48
-35
-21
-9
3
10
8
4
-5
-16
-32
-60
-90
-116
-146
-175
-201
-220
-229
-235
-235
-226
-210
-184
-156
-124
-90
-62
-34
-12
4
20
31
36
40
39
41
45
50
57
65
74
80
80
75
67
56
41
15
-16
-47
-80
-111
-135
-152
-159
-157
-150
-136
-117
-88
-50
-14
20
50
82
114
142
163
184
202
217
225
230
235
239
236
226
213
198
184
167
151
133
115
101
92
85
83
83
81
80
76
77
80
84
80
67
51
37
26
18
8
-4
-15
-26
-37
-41
-37
-35
-39
-50
-55
-55
-55
-62
-76
-86
-94
-101
-108
-112
-111
-111
-116
-118
-114
-105
-99
-102
-109
-119
-130
-138
-149
-161
-174
-185
-192
-193
-187
-175
-154
-128
-101
-74
-46
-19
7
29
44
52
60
64
61
55
52
52
51
47
43
46
53
57
56
52
47
39
28
17
9
-2
-17
-32
-40
-43
-41
-38
-35
-31
-28
-21
-9
6
21
32
41
51
63
82
101
119
132
140
148
154
158
159
154
142
126
108
91
75
59
43
29
15
3
-5
-6
-5
-4
2
8
15
20
24
29
32
35
36
37
39
41
41
42
41
38
38
37
38
38
31
18
5
-9
-21
-34
-52
-70
-91
-112
-127
-137
-140
-141
-144
-148
-147
-141
-127
-114
-105
-101
-100
-101
-97
-93
-85
-81
-80
-79
-74
-65
-52
-39
-28
-20
-11
-1
10
19
23
25
24
22
19
17
14
7
-1
-6
-8
-7
-3
0
4
7
11
20
31
40
49
53
53
51
47
44
38
34
28
21
12
4
-1
2
9
17
24
29
38
46
55
68
79
89
92
92
92
92
91
87
79
70
60
52
43
32
22
14
8
6
4
6
8
7
9
12
19
26
32
34
34
31
27
27
28
29
26
21
15
8
5
4
3
-1
-11
-22
-35
-49
-60
-70
-82
-94
-109
-122
-130
-132
-129
-129
-126
-122
-115
-106
-95
-85
-72
-61
-53
-45
-38
-29
-24
-21
-18
-15
-10
-6
-3
-2
0
2
6
9
12
14
14
12
12
7
3
-1
-3
-4
-7
-8
-6
-2
6
15
22
31
40
49
57
64
72
78
79
75
72
68
63
59
51
44
36
28
24
20
18
19
21
24
27
30
33
35
36
36
37
37
34
28
21
15
12
9
5
0
-5
-5
-4
-1
3
7
10
16
20
25
32
36
36
35
33
30
27
21
14
7
2
-3
-8
-17
-23
-30
-36
-43
-49
-53
-58
-65
-73
-79
-84
-88
-91
-93
-92
-89
-88
-84
-78
-69
-62
-52
-44
-37
-30
-22
-15
-11
-8
-5
-4
-5
-6
-6
-7
-7
-8
-7
-7
-5
-1
3
7
10
12
17
20
21
21
22
23
23
23
24
26
29
31
34
36
39
43
46
48
48
47
47
45
40
33
28
23
19
13
8
4
0
-1
-3
-4
0
3
6
7
6
11
16
18
18
17
15
15
14
12
10
11
8
5
4
4
6
8
10
12
16
22
27
29
32
36
38
41
41
40
40
37
33
28
22
17
14
5
-4
-12
-20
-27
-34
-43
-53
-61
-70
-78
-84
-88
-88
-90
-92
-92
-87
-79
-70
-62
-54
-43
-33
-24
-17
-9
-3
0
2
3
2
0
-4
-9
-12
-15
-17
-18
-20
-22
-22
-19
-16
-13
-12
-9
-5
0
4
8
11
18
25
31
36
39
44
50
54
59
62
62
62
60
56
56
55
51
43
34
27
22
16
9
2
-4
-9
-13
-16
-18
-19
-20
-18
-15
-12
-9
-5
-1
2
8
13
17
18
18
19
20
23
23
21
18
17
17
16
15
14
14
14
12
10
10
8
7
6
5
5
3
1
-1
-3
-3
-3
-4
-8
-9
-12
-12
-14
-19
-23
-25
-28
-31
-34
-37
