-5
-19
-30
-22
-12
-16
-28
-33
-29
-23
-26
-35
-31
-25
-22
-27
-32
-31
-21
-18
-21
-21
-16
-11
-11
-15
-16
-6
0
-1
-5
-8
-2
3
0
-3
1
6
7
-1
-7
-4
6
5
0
-2
-1
2
-3
-7
-4
0
2
-4
-5
-3
-4
-5
-6
7
8
1
-8
-5
11
11
-1
-6
13
28
14
-7
-8
22
41
20
-1
8
41
45
14
-6
21
59
55
15
-1
29
61
44
5
3
41
60
28
-14
-4
36
49
14
-16
-1
28
25
-17
-31
-4
22
10
-28
-36
-12
5
-12
-36
-30
-9
-6
-27
-47
-34
-13
-13
-31
-39
-28
-18
-24
-37
-33
-19
-13
-21
-31
-27
-17
-14
-18
-20
-11
-5
-9
-15
-15
-5
2
2
-2
-4
0
2
1
1
7
13
10
5
-1
1
5
3
4
7
7
1
-2
-5
0
5
0
-4
-1
3
-4
-12
-14
2
20
7
-7
-8
7
19
7
-8
0
30
32
6
-13
-2
38
42
10
-7
18
48
35
-1
-13
31
65
38
-5
-11
30
56
24
-15
0
53
62
9
-37
-5
68
72
3
-34
16
85
56
-46
-56
51
129
59
-73
-77
41
90
-10
-102
-40
72
62
-101
-207
-95
27
-2
-150
-215
-113
-65
-171
-294
-211
-48
-48
-175
-330
-291
-131
-126
-246
-269
-136
-19
-124
-361
-337
-88
59
-59
-266
-295
-166
-73
-197
-294
-160
73
92
-214
-470
-311
-43
-18
-90
-175
-133
-137
-314
-410
-305
-120
-32
-66
-142
-284
-343
-476
-412
361
487
65
-323
-399
353
456
-202
-395
555
1518
1068
-235
-841
603
2205
1688
109
-42
1742
2692
1261
-748
-80
2821
3733
1623
-635
208
2787
3190
724
-951
1113
3762
2990
-390
-1768
796
3490
2296
-766
-1278
1268
2810
514
-2078
-1416
1712
2674
-161
-2466
-1472
1081
1045
-1328
-2257
-646
1036
-167
-2637
-3072
-1310
-110
-1214
-2711
-2687
-1631
-1357
-2585
-3410
-2344
-1190
-1402
-2408
-3210
-2632
-1544
-1676
-2184
-1946
-1431
-882
-1250
-2113
-1728
-636
-36
-449
-1038
-1060
-374
-39
-665
-682
-34
679
535
-532
-859
-179
563
581
331
273
493
633
1
-115
506
938
905
689
651
469
542
-210
489
2233
1459
768
-15
493
2223
1555
-31
123
2525
3592
1880
-793
-880
2863
4545
1997
-472
909
4342
4663
867
-1823
1374
5899
5400
768
-1720
1546
5519
4079
-959
-1649
2892
5893
2741
-2899
-2894
2278
5038
1389
-3217
-2383
2290
3428
-1342
-4679
-2136
2671
2823
-2223
-5028
-2046
1612
671
-3090
-4377
-1336
1054
-1190
-4738
-4708
-1866
-265
-1920
-4658
-4330
-2472
-2117
-3395
-4496
-3640
-2270
-2005
-3321
-4213
-3409
-2364
-1784
-1998
-2365
-1735
-1149
-1313
-1181
-917
-166
580
217
-172
-112
344
599
540
653
1007
1254
374
-62
467
923
1357
1149
612
625
665
118
244
481
675
762
788
828
164
13
-781
1206
3432
1613
-18
-1134
1147
3987
1981
-1208
-284
3967
5642
2025
-3170
-1516
5257
7491
2351
-2854
449
6947
7322
324
-4048
2064
9301
8013
-388
-4146
2284
8832
6256
-2059
-3265
3933
8287
3347
-4783
-4265
3647
6645
1223
-5020
-3710
3004
3604
-2316
-6019
-2797
3165
2423
-3557
-6185
-2682
1419
147
-4048
-5058
-1755
720
-1430
-4946
-4936
-2087
2
-1747
-4667
-4324
-2632
-1621
-2882
-4699
-4071
-2541
-1906
-3191
-4811
-4274
-2300
-1893
-2975
-3657
-3038
-1286
-1470
-2380
-2121
-1604
-416
-300
-1094
-745
241
715
490
269
444
1112
1157
579
1133
1643
1321
701
503
937
911
1288
1074
253
963
1518
1315
851
-1284
104
4013
3034
760
-1708
-483
5157
5217
405
-1770
2233
8222
7034
-1150
-3722
4145
11496
7595
-2084
-2851
6066
12088
5794
-4353
-2080
8971
13157
4247
-5942
-2712
8427
11165
1232
-5818
-289
8098
7475
-2364
-7076
56
7288
4741
-3523
-6411
-716
3510
-172
-5590
-5086
250
1809
-2745
-6587
-5567
-2140
-1062
-3091
-4597
-4401
-3656
-4031
-4849
-4876
-5144
-4061
-3033
-3471
-4439
-6475
-6194
-3930
-2857
-3471
-4785
-4154
-3406
-3746
-4862
-5417
-3213
-1346
-1630
-2921
-3410
-2937
-2179
-1682
-1591
-259
241
-177
-248
-682
-244
87
750
2019
2185
2223
2254
1636
987
1496
2409
3402
4204
3135
1894
1612
2720
3307
2578
1125
743
6399
7572
3025
-529
-2102
4732
9818
5697
-629
-312
7204
11256
4783
-4550
-1423
10487
14842
4973
-4627
-596
9916
12427
1213
-5400
1983
12220
11589
-2332
-8648
-316
9373
7008
-3953
-6435
298
5682
444
-8270
-7288
-82
3641
-877
-7530
-6685
-1640
-1441
-4517
-5722
-2828
492
-2096
-6197
-6246
-3718
-1241
-1513
-3149
-3417
-2645
-2936
-4159
-3628
-3301
-2692
-1397
-2166
-2702
-4159
-5669
-3774
-1878
-1538
-2575
-3569
-2788
-2486
-3805
-4769
-3457
-679
259
-1723
-4133
-4719
-3025
-1957
-1555
-826
-558
-143
-1320
-2842
-2670
-1619
466
2051
1947
1463
395
-578
-965
-387
1939
4428
4811
2894
817
1217
2567
2272
2305
451
5707
12308
7055
481
-5238
-492
12235
13271
4027
-1502
3306
12316
11087
-2486
-6564
5801
19445
15478
-1411
-6778
3484
14893
8433
-4856
-3281
9545
16543
3305
-11249
-7757
5591
10280
116
-7489
-3382
3812
778
-9598
-10974
-1865
4032
-205
-8118
-9019
-3049
-2123
-5756
-6862
-3268
1603
-390
-5698
-6170
-3206
60
80
-1447
-187
487
-672
-3020
-3467
-738
1020
1178
-860
-2198
-2218
-3360
-3401
-3350
-2754
-1232
-2025
-3366
-4394
-6237
-5379
-4222
-3949
-2102
-2866
-4097
-5155
-7005
-5910
-3386
-899
-357
-2419
-4128
-3813
-2739
-2270
-1025
184
1312
2277
175
-1896
-1747
-827
1594
3156
3811
3698
1812
1091
657
1356
651
1827
11282
14069
7767
-2263
-7051
4600
16451
14508
4445
892
10042
16826
6622
-6097
-2073
15335
23094
10503
-2373
-1595
9946
10028
-1776
-3263
6421
17351
8402
-9815
-12248
-1505
7294
822
-6933
-4181
3467
1470
-11460
-16104
-7664
2847
1778
-6300
-8714
-4223
-2508
-7500
-8967
-3906
4297
5376
-2545
-6565
-4424
-52
2108
1108
2099
3618
2872
-2
-2968
-1973
835
3146
3095
756
-1672
-4609
-4825
-3910
-3597
-2730
-2580
-2542
-4981
-8762
-9640
-7936
-5699
-4630
-5234
-6009
-6491
-8140
-10014
-9306
-3947
354
-684
-4666
-7119
-4644
-2121
-732
362
1315
3346
2487
-1030
-2736
-1294
3078
5485
4870
3892
3967
4077
1629
-1415
-3840
7712
21236
17489
4027
-10679
-4573
14740
20357
10853
663
6358
19376
14626
-3750
-8562
7621
23283
16196
484
-2964
7710
10497
-4957
-11691
223
18863
15222
-8709
-18778
-8533
5198
403
-10366
-8153
4092
6624
-10440
-21033
-12862
2756
5279
-5806
-8166
473
5142
-2817
-11646
-7368
7446
15320
7598
-1436
-2032
2891
4865
3085
5764
9797
7946
2910
-2098
-2270
1457
815
341
977
1264
-795
-6753
-9312
-8511
-5240
-3710
-3719
-4280
-8507
-10663
-11939
-11418
-7222
-6226
-6808
-6705
-8283
-10157
-12154
-10935
-4903
-1417
-2921
-5096
-6536
-5668
-2928
-3536
-3006
469
3124
3656
-560
-3045
-1834
792
4381
5143
6646
4832
1035
-1992
-5832
8928
23078
19771
7170
-10652
-3643
15629
21887
14830
2095
7395
19318
14918
-393
-5727
9779
19234
10795
-651
-825
12765
8971
-10160
-18457
-3651
19681
14211
-9536
-22754
-11163
2663
-1769
-9690
-9959
3373
5572
-8355
-17127
-11264
3322
2860
-5033
-4018
5335
10671
424
-10238
-6645
10209
21014
13226
2968
812
6449
10100
6732
8205
10095
8763
5750
-806
-800
1830
398
-2325
-4300
-1849
-1269
-5268
-9658
-12456
-11693
-9040
-5000
-3740
-7623
-13194
-17126
-13373
-5836
-4189
-8606
-12208
-11145
-8396
-8244
-9755
-7736
-4384
-2623
-4140
-6444
-2705
257
-2294
-5496
-4038
2201
5480
1955
-2555
-1696
2143
4554
4339
1312
1879
1879
-3305
6288
19848
22421
9914
-11580
-8911
11502
28303
23218
6612
4075
12389
15078
1687
-1625
10934
19754
11642
-3998
-2158
10238
9390
-11152
-23675
-7267
15587
13531
-11095
-26323
-16488
-3600
-4450
-10376
-7801
4032
2598
-11720
-17511
-7799
5932
4116
-3664
-1783
8431
14527
6436
-4307
-3226
11015
22056
20510
12679
5136
4410
7050
11369
15380
13398
8540
1625
-3801
-2860
172
733
-1729
-4687
-6686
-8847
-10209
-10184
-10698
-11332
-11341
-10046
-7947
-7315
-10696
-16555
-16642
-10068
-3244
-2137
-6998
-11513
-12572
-9589
-4672
-1436
-5
-286
-3311
-6286
-3823
-431
673
-986
-3393
-1475
870
3448
2036
-1402
-2539
1189
6287
4928
2250
-5529
347
18264
26642
19435
-3507
-10713
2487
19623
21853
14013
12327
15362
13920
-4178
-9870
5178
20450
15958
-3503
-8448
3680
10507
-7483
-27191
-22719
480
12912
-713
-18575
-20640
-14897
-15467
-16347
-9106
6369
9796
-5148
-17282
-13028
973
6448
3162
3096
11500
18466
12919
2583
903
8304
16929
21745
21977
19947
12905
3263
823
5555
13161
15190
7999
-1221
-5568
-5559
-5121
-4462
-5507
-6160
-6620
-6679
-7767
-11823
-13797
-13456
-9888
-5654
-4324
-6807
-10786
-12820
-13436
-10522
-5509
-1499
-852
-3867
-6949
-8157
-5093
-437
2058
1435
-688
-1230
-2412
-3077
-2892
-2951
-3002
-2847
-1910
554
2339
1195
-1122
-3683
-1407
-679
496
11880
24726
27689
12005
-8163
-11007
6794
23208
23919
17548
15354
17364
4208
-10537
-8701
9484
20591
8004
-7139
-6859
5904
836
-18214
-27790
-15937
2799
1740
-9485
-15905
-13486
-14237
-21706
-22151
-6445
10006
7719
-6281
-12846
-4346
2571
2033
644
7619
18704
20189
12541
4500
5726
10124
12800
15165
19809
21311
13269
1123
-6006
-1595
6738
9870
4432
-2338
-6253
-8100
-8850
-9223
-7139
-5717
-4387
-4600
-5539
-5646
-6430
-8237
-7651
-2839
1113
2199
-1255
-5225
-6009
-4755
-830
1608
945
-449
-3050
-3792
-2310
-2060
-2785
-3178
-2570
-2685
-3780
-5628
-5690
-5605
-6980
-6283
-3097
1916
3607
-642
-6031
-6439
-3513
7616
22477
28791
21340
2162
-7503
1831
19595
24975
19881
16723
19101
14748
-2925
-11769
-2710
13254
11670
-3966
-12933
-4174
3183
-11339
-28005
-27599
-10956
-1189
-7121
-14882
-14886
-13070
-17547
-23700
-15898
2483
9215
586
-9537
-5164
4005
5149
1034
1298
10686
18584
15969
7910
6804
10687
12372
9480
9455
13039
13512
9434
854
-3172
-1421
1210
1285
-916
-3019
-4870
-7006
-7723
-6065
-5132
-4160
-3236
-1034
1377
1466
-1033
-2636
-665
2316
4058
2157
88
-1122
-590
533
774
1368
-1205
-3960
-5287
-4605
-2541
-2770
-4347
-7194
-9259
-9781
-10155
-9864
-8141
-6569
-6124
-5560
-4172
-2246
-4271
-5388
-4978
2435
18806
28120
24424
7563
-3063
1514
15435
24970
24051
23116
22196
15730
-1209
-10434
-2200
12916
13020
-1336
-10193
-5801
1071
-9818
-26856
-29257
-14752
-4559
-7662
-14082
-13315
-11487
-18958
-25262
-19326
-335
11537
6469
-4620
-6261
86
3038
3355
4769
11878
17160
15082
9486
6231
6992
7189
5748
5271
7849
9371
7102
703
-5246
-6659
-5914
-4450
-3993
-3620
-2682
-2702
-4786
-6548
-5357
-2079
753
1556
2537
4323
5844
5525
3460
2669
3858
4806
3391
1490
1317
1683
1124
-667
-2550
-3345
-4050
-5488
-6347
-6927
-7130
-8438
-10365
-11093
-11943
-12244
-11180
-9635
-7103
-4537
-3696
-3709
-4482
-5373
-2486
11532
27729
32266
19379
2079
23
12221
24670
26468
24596
24885
23851
8946
-7306
-7137
5248
12326
1828
-9211
-7043
1618
-4323
-21683
-31057
-23017
-10325
-8463
-11238
-9964
-6414
-11792
-21910
-23059
-8994
6619
9149
3923
1385
3071
3263
631
222
6238
12939
14202
10956
7598
6334
4104
-7
-2793
-2925
86
3780
2486
-2770
-7799
-11103
-10329
-8265
-5863
-2402
78
1089
-1346
-3182
-1063
3126
6584
7376
7762
9154
9922
8907
6660
5307
3875
1965
1412
2810
4028
1428
-2728
-7051
-8041
-6735
-6923
-6881
-8111
-8780
-10706
-13097
-13073
-12727
-11054
-9300
-6286
-4057
-3008
-2943
-4028
-3867
-4045
3710
18515
29652
26881
10044
-1211
3095
15495
21689
20128
20670
23072
15988
-536
-9048
-927
10153
6171
-6701
-9742
713
4730
-9525
-24395
-22648
-10707
-5824
-9183
-9840
-3724
-2223
-11719
-19359
-12971
2007
9067
5200
1955
3498
4200
1184
-2577
-647
5554
8512
6804
3958
2298
-197
-3287
-5724
-6101
-4715
-2659
-1370
-3287
-5866
-8216
-8576
-7462
-6474
-4032
-404
3325
3354
1052
1064
3334
6207
7356
7897
10786
13178
11600
6733
3733
4452
4834
2849
403
1151
3289
2035
-4883
-10975
-10264
-6107
-3059
-5147
-8380
-9791
-10640
-11395
-12510
-9376
-2838
297
-3067
-7023
-6346
-1410
1335
-1545
2649
16375
29050
25226
7278
-2938
2086
13046
15424
14323
19539
24162
14008
-5847
-14284
-4486
7488
5111
-3754
-4124
3438
1948
-11135
-20152
-15667
-7203
-4857
-5449
-2238
3335
-642
-11840
-16390
-8210
2994
6913
5917
6343
6923
2929
-3954
-7002
-1550
4386
4146
1609
229
-1386
-5040
-8638
-9598
-9000
-7913
-6564
-4260
-1384
-2622
-7876
-10486
-6452
-541
2327
3001
4390
5913
5727
4547
4530
7757
10236
9746
8881
9266
10157
9074
5075
1283
-344
-941
-1041
-827
193
-450
-3840
-7176
-9863
-10172
-7436
-5386
-5506
-6328
-6485
-6013
-6019
-6277
-5381
-3224
-1113
-444
-481
1340
1623
-198
4684
15131
21561
15131
2303
-1225
5246
11528
9707
8209
14648
15859
3704
-9244
-9257
1395
3590
-5444
-8964
-40
9473
3183
-10722
-14422
-8506
-4512
-4939
-2552
5618
9543
1805
-7141
-6753
311
4127
2569
3680
7707
8617
5179
-570
-3589
-4301
-5174
-3498
1293
4131
-759
-9205
-14450
-14512
-11765
-9133
-7044
-4591
-2079
-2968
-4951
-5794
-5464
-3751
-1209
3657
9514
12350
10306
4995
2119
4382
6478
7327
7533
7717
8180
5590
849
-2935
-3352
-2926
-4027
-4313
-1839
158
-1737
-6434
-10036
-7804
-3477
-1993
-3008
-2876
-1416
-1769
-3404
-3870
-1869
157
49
-584
1138
3473
1694
-2931
357
11652
20277
16730
3750
-3455
-1852
2959
5047
7602
14761
16329
5744
-7073
-9886
-2944
1006
-2939
-4852
1616
9773
6705
-3961
-9883
-8241
-5511
-5286
-2724
3959
8779
4691
-3028
-6732
-4748
-1161
463
3518
6702
7286
4669
534
-1578
-3391
-5586
-5122
-1182
2469
1364
-3952
-9406
-12216
-13065
-12135
-9334
-5621
-2765
-2848
-3747
-3301
-3132
-3362
-2534
722
5435
7941
8040
7582
7052
5939
3796
2651
3737
5311
5637
3682
1721
754
-1785
-4929
-6786
-6411
-3884
-513
1451
-148
-3578
-5402
-5180
-3454
-668
1105
1995
2550
1841
-227
-1321
-1336
-1232
-1302
197
2767
3494
1590
-3374
-1025
9028
17616
14707
1781
-4790
-1417
5682
7632
6916
10167
12421
4859
-5452
-7265
-58
4292
-2169
-7643
-3785
5782
7420
-290
-6612
-7913
-8189
-9293
-5945
1542
6686
3045
-4449
-5956
-3206
-1982
-2478
306
5802
7107
4547
2753
2666
403
-5923
-8337
-2127
5906
6324
-828
-6914
-9817
-11819
-12460
-8790
-2047
1967
567
-2807
-2821
-1652
-1953
-2336
-343
3826
6677
7737
8153
6488
1486
-4143
-5247
-31
6149
7176
3326
-508
-3228
-5670
-7332
-6945
-3786
-255
1246
875
-501
-2107
-3154
-4141
-3465
-1145
2099
4761
4317
1828
-1125
-2043
-1588
-1111
-876
161
1880
1584
273
-2612
-2005
5356
13420
16332
9228
829
-16
4466
9225
9527
10155
13352
10873
2598
-3563
-2622
1769
-210
-6332
-8416
-3201
2450
-142
-6346
-10850
-13522
-13963
-11171
-5463
320
1140
-2528
-5272
-5017
-2657
-844
1410
4728
6027
7094
8272
7359
4506
103
-2067
366
3385
4060
2416
-166
-2714
-6715
-9161
-8339
-5501
-2184
-1033
-113
672
-106
-2238
-4324
-3840
-1225
1446
3794
5927
6130
2584
-3457
-6512
-3913
901
3788
3762
3097
1763
-1263
-4586
-6264
-5223
-2854
-607
1326
1710
-197
-3434
-5825
-5643
-4190
-1965
392
1473
1213
-246
-1917
-3476
-4375
-3919
-1635
2027
4386
3184
287
-2136
807
9676
17458
18528
11632
6266
6842
10240
12858
12940
14738
15192
9128
2191
-30
2028
1025
-6380
-11650
-9389
-3390
-1865
-6020
-10508
-14100
-17901
-18464
-13329
-5193
-366
-3031
-6703
-5714
-2284
327
1068
2534
4463
5254
7232
9794
11421
8763
1553
-2275
-775
1995
2835
1102
-485
-1981
-5355
-8442
-8086
-5095
-2906
-3070
-2796
-907
-644
-1594
-3416
-3826
-1495
109
3019
5686
5363
2569
-873
-1006
866
2758
4794
5559
5547
3128
-1425
-3805
-4252
-3261
-2161
-1602
-2039
-3944
-6370
-8807
-8596
-6348
-4599
-4034
-4161
-3748
-3217
-3398
-4680
-5488
-4315
-1947
611
3008
4751
4331
3294
1442
1267
6864
15045
21284
20503
14714
10456
9770
11177
11366
11410
13092
11773
7604
4041
1944
493
-4917
-10772
-11517
-7946
-3580
-3977
-7117
-10433
-14653
-16037
-13577
-8982
-4353
-2834
-2472
-1102
-306
653
1172
1575
2437
2948
5358
8560
10249
8746
4016
-118
-2268
-3162
-2469
-1829
-1628
-1374
-3037
-4753
-6382
-7502
-6929
-6483
-3841
-662
1402
2156
-568
-3031
-3372
-1544
2500
5160
5559
4062
2479
3172
3969
3801
2913
2081
2763
2966
1649
816
411
-1003
-3992
-7341
-7554
-5119
-4002
-5227
-6917
-6414
-5500
-6894
-8514
-8433
-6306
-5121
-5410
-4283
-1924
-703
-2024
-2199
1282
5309
5445
3282
2945
6571
10857
13804
17068
18935
17587
12443
9192
10374
11353
9612
6519
6015
8061
6643
2457
-1639
-5116
-8131
-11894
-11666
-7592
-3925
-3093
-5931
-8665
-10591
-11520
-8997
-4930
-1492
168
783
3547
6283
5125
1448
-681
1401
4836
6339
6972
6358
4032
-68
-4966
-6888
-5971
-4617
-3723
-3311
-3450
-4681
-6136
-6994
-7170
-6317
-4446
-1553
1493
2781
2136
1498
700
-876
-656
2112
5840
7970
7197
5661
4548
2542
-348
-1669
27
2504
2978
1946
167
-2983
-7266
-10422
-10030
-6510
-3247
-2130
-2991
-5204
-7760
-9804
-9459
-6891
-3828
-1304
406
1734
1655
-47
-1795
-2013
-343
2469
5805
9015
10813
10023
6916
4420
3369
4521
7542
10288
12387
11068
7312
3590
1451
1577
1998
2221
2938
3129
3567
2130
-1424
-3257
-4318
-3392
-2358
-1715
-365
-113
-767
-2504
-3764
-2891
-1310
-95
545
-696
-2026
-1870
-247
1671
451
-2158
-3468
-3333
-2844
-3679
-3709
-2547
-2424
-3253
-3789
-2236
211
166
-1078
-1256
240
2361
2842
3201
4023
3529
1905
-52
-9
1504
1643
926
191
1184
2081
107
-2745
-4593
-4435
-3811
-3464
-2299
-596
-686
-4215
-8063
-8653
-5967
-3152
-1784
-1219
-1158
-2031
-4160
-5316
-3619
-408
1565
2248
2737
2773
1917
-104
-1180
26
2861
5347
5884
5911
5602
4537
2887
1112
1112
2849
4569
5149
4026
1818
-299
-1937
-2344
-1070
89
1020
1926
2993
3292
1428
-622
-785
1345
3878
4696
4471
4640
3756
2069
479
6
1120
1640
1008
-23
-197
1
-325
-1373
-2911
-4745
-5905
-6162
-5542
-3749
-3225
-4017
-5434
-6105
-4739
-2933
-1296
-370
188
824
1520
2511
3848
4814
4820
4065
2907
3327
4325
4447
3317
2122
2541
2890
2474
920
-663
-1825
-3284
-4668
-4603
-3108
-2351
-3197
-5156
-6366
-6576
-6202
-5460
-4268
-2596
-1548
-1281
-1707
-2026
-1724
-617
1011
2635
3391
2954
2068
935
500
591
1283
2453
3005
3234
3088
2736
2258
1444
1174
1589
2291
3044
2984
2168
1075
-329
-970
-805
-490
-154
-46
41
-544
-1794
-2760
-2702
-1696
-1134
-1573
-1623
-1153
-1054
-561
-717
-915
-907
-1703
-1642
-633
1007
1429
780
111
-461
-527
-735
-684
104
1365
1466
937
324
236
1467
2156
2301
2256
2235
2730
3214
3408
3247
2936
2600
1518
325
91
215
564
167
-1032
-1720
-1987
-1954
-2076
-2086
-1388
-738
-440
-606
-681
-323
-287
-447
394
2055
2969
2611
1116
-110
-527
-985
-1495
-1235
-399
-149
-599
-1283
-2092
-2857
-3299
-3471
-2801
-1774
-1170
-814
-707
-931
-1286
-1262
-1003
-479
488
1054
1368
1349
586
-201
-323
362
758
1513
1890
1607
2123
1558
740
677
578
1020
1682
1911
1320
726
-62
-1217
-1016
-671
-1100
-980
-1204
-1908
-1894
-1872
-2061
-2071
-2130
-2315
-2128
-1564
-1639
-1688
-1557
-1574
-1061
5
830
1249
1550
1050
608
524
700
1501
2353
2559
2297
2261
1921
987
123
-48
393
1222
1269
647
450
284
44
-241
273
999
900
465
112
675
1303
959
528
1026
1741
1682
983
547
717
783
682
354
432
475
-33
-376
-509
-361
-198
-107
-184
-427
-826
-978
-647
-324
-249
-346
8
280
128
-290
-693
-713
-806
-966
-950
-381
-48
4
97
-105
-97
-112
-163
-81
224
423
386
461
481
334
-350
-1102
-1429
-1119
-598
-721
-1176
-1280
-1151
-1237
-1300
-1778
-1340
-624
-975
-1239
-1445
-854
-760
-982
-858
-768
-2
171
-23
-304
-372
-128
-135
464
765
23
-136
150
-11
414
-109
-1233
-729
-198
-352
-207
-146
-748
-690
-687
-816
155
854
297
-31
521
312
359
845
1041
1225
1206
1205
1168
1986
2452
1894
1864
1554
992
1426
1687
1335
1387
1282
863
1202
1066
-229
-112
405
-169
-72
186
196
652
279
-781
-654
353
730
-7
-472
-136
436
886
540
545
795
376
-39
-133
629
1516
904
36
-268
-871
-769
-547
-683
-363
-439
-1112
-1199
-494
-591
-1075
-985
-1327
-1135
-106
-246
-545
-317
-783
-970
-602
-653
-738
-498
-367
-166
-336
-867
-852
-181
203
-145
2
-50
-60
366
-398
-948
-657
-616
-532
-389
-293
-395
-642
-903
-1697
-1850
-719
-425
-976
-796
-620
-993
-842
-729
-795
161
338
-823
-378
772
258
217
753
218
753
1645
759
1223
2104
480
237
1559
1242
1045
1401
393
654
1376
260
733
1417
1007
852
722
675
943
987
455
773
1065
1251
993
242
719
743
-80
616
916
22
508
304
-715
-228
457
-795
-961
-89
-1000
-828
-676
-864
-585
-712
-655
-1075
-760
331
-341
-577
383
-312
-162
197
-226
181
151
-87
-2
435
-333
-620
138
-189
58
139
-332
-196
24
-323
-565
-156
-420
-839
-520
-672
-1175
-620
-375
-1445
-1265
-602
-1204
-354
417
-1060
-699
177
-944
-686
816
530
49
1086
297
-331
1091
725
145
1069
1184
211
837
1353
-28
518
668
-796
350
642
-493
311
130
-565
-252
-70
-178
-143
277
-115
-343
276
-30
-120
905
59
-133
1008
6
183
633
340
690
354
407
344
271
252
-208
150
-88
-749
-39
-73
-629
-488
-625
-309
-561
-490
-182
-587
178
246
-328
183
746
-2
-109
542
80
237
891
576
1
431
96
-91
679
284
266
398
-325
-158
-30
-650
-535
147
168
-796
-167
-633
-1873
-70
-459
-2387
44
1619
-1750
-1370
-78
-2596
-1334
62
-1596
-592
820
-535
-1260
94
55
-650
849
618
-34
2415
1971
474
2508
1556
709
2016
967
1894
2273
818
1874
1255
153
1698
1285
-54
846
598
-869
756
1151
-1303
-457
930
-1280
-882
956
-1450
-1683
973
-984
-3097
1220
200
-3394
-324
-533
-2187
-1293
-1098
-2443
-1697
576
-2752
-2951
1705
-1305
-2677
837
-1281
-1700
1938
460
-1878
1203
2056
-1007
299
3328
138
307
3680
-1100
151
3602
-583
666
2737
579
-666
584
800
-1848
-360
1376
-1169
-475
1063
-1343
-1781
372
-1070
-1877
382
272
84
-38
-720
-1474
-1754
-810
-2018
-400
1183
-685
302
-1633
-2013
915
-1444
-1149
2275
718
205
3064
132
-1080
3381
70
-1386
4581
1652
129
4853
412
-1283
2394
658
366
2649
1700
-46
1253
1212
-209
812
1535
403
959
1659
236
421
940
286
120
623
868
-359
-822
61
-1405
-1989
94
-1882
-2818
-176
-2181
-3789
-1040
-1701
-3279
-1067
-1735
-2314
-503
-794
-1337
-1265
-96
-713
-1262
1016
914
7
899
699
152
713
656
750
586
913
1915
258
-435
661
-732
-900
1335
-273
-437
1178
-1303
-734
671
-1058
-742
905
-680
-1590
609
-832
-1527
605
-1131
-2359
131
-324
-1543
492
-394
-1554
354
-57
-1094
764
710
162
1737
145
380
1553
529
1388
584
733
1480
720
1013
527
1016
920
-632
577
1748
-326
373
1655
-1058
121
1787
-619
120
2055
-112
-270
1882
399
-129
1640
881
-824
-257
931
-260
-694
1517
-570
-2364
673
-455
-1948
-265
-36
-1528
-1049
798
-1481
-532
1801
-1358
-1191
1485
-140
-877
1856
527
-337
1690
-49
-42
992
40
136
-61
259
799
-233
-676
-20
-583
-545
-484
-909
-295
-725
-688
-864
-884
212
-424
-1196
-299
-138
-1900
-887
308
-1904
-930
274
-1724
-1413
-324
-1571
-1663
59
-408
-1079
610
412
-1016
534
841
-382
1075
1500
334
762
1093
566
342
693
1073
53
348
734
-691
-513
549
562
-352
596
660
-924
736
478
-978
1081
845
-94
1392
1062
123
1102
956
-196
364
248
420
906
70
742
430
-1256
282
-34
-1571
871
122
-931
1297
54
-1161
613
104
-620
647
680
132
453
1015
-136
-344
693
105
-183
396
860
70
-18
477
-117
-123
221
-335
404
535
-802
894
-56
-818
160
-968
362
27
-690
47
-74
-756
-1077
-203
-905
-700
-243
-767
-457
-945
-1151
-498
-1179
-1099
324
-870
-589
662
-1183
-521
765
-889
-230
1060
-242
-571
245
131
-617
769
255
-1135
1106
-370
-678
776
-602
662
246
-701
448
-153
-180
657
-232
-265
637
-296
-117
234
430
450
-567
320
92
-614
692
435
-442
578
536
-1012
-405
828
-545
-458
1443
-402
-440
1832
-808
-850
2301
-134
-1176
2513
862
-878
2131
122
-1160
1831
441
-960
1855
1376
-637
876
1090
-57
145
1519
201
-563
2525
252
-1390
2230
58
-1768
1246
438
-1191
337
751
-866
-477
363
-973
-782
724
-84
-881
-374
-450
-192
-1007
-175
900
-1253
355
245
-2686
1242
695
-2989
1832
792
-3010
1139
202
-2301
652
216
-1988
452
1091
-2043
-15
571
-1832
102
881
-931
-587
1174
-310
-1777
-366
670
-1222
-1487
68
-294
-574
-1117
-473
-962
-956
-930
-1056
990
-1082
-1614
1456
-1979
-2819
2794
-1179
-2455
3506
-1207
-2563
2676
-869
-1206
2056
-849
100
1544
835
601
-346
1812
973
-1064
1441
1937
-475
1640
2031
-673
1120
806
1166
257
-771
3347
506
-1046
2629
443
-2038
763
2472
-1934
465
3856
-2342
126
2759
-1900
591
2734
-295
49
3165
448
-279
3425
-387
-807
2903
548
-83
1775
418
-327
972
-322
-1534
245
-300
-1770
-105
201
-1528
-768
599
-2478
-1121
278
-2586
266
349
-2092
262
1035
-1712
-1498
973
-572
-2975
1748
719
-3429
1509
-86
-3081
-501
576
-1097
-893
1102
-1076
-1257
1225
-969
-3059
1993
-153
-3639
2894
269
-4274
1732
-107
-5621
1226
2673
-4286
-1060
3005
-3600
-2069
2211
-3121
-42
1777
-2130
-1024
1454
1087
-2499
1318
1010
-3669
2699
1428
-1956
3210
1779
-727
645
1890
1202
-84
2156
1641
-338
3226
2133
-66
2919
621
245
1483
1192
408
178
3596
469
-1100
1951
767
-2317
-334
1997
-2545
-507
3985
-1363
-2974
3296
-199
-5093
2376
1565
-4845
3081
3271
-4515
809
3479
-2899
-1273
4529
-1743
-469
4097
-1908
-376
2164
1270
-736
545
1033
-1053
-652
-573
854
-928
-684
-1017
494
-700
-4025
1973
-1998
-3729
2747
-2036
-2839
3388
-436
-3219
487
607
-2344
-1640
2427
-2077
-1056
4975
-2873
-2282
4477
-3634
-3909
4009
-1088
-2565
3914
-843
-2919
1614
-2234
-1638
-194
-689
901
-1378
1638
982
-2935
686
-32
-2996
1649
1621
-2490
2124
1244
-1823
-93
219
492
-684
2426
1813
-2405
2372
2544
-2008
195
1655
1431
32
410
2128
-1284
874
1665
-3553
1503
3110
-1733
456
1292
-1917
-1518
1466
-2225
-1569
3401
-809
-1625
649
-67
-240
660
1146
-920
1883
3184
-1131
2239
3874
-1696
417
3299
-2252
441
4624
-1951
-723
2477
-1322
-823
1152
-290
-1919
-275
13
-2264
308
1168
-2683
361
264
-4530
846
960
-3056
1480
-86
-1487
2635
-2108
-1280
2772
-3826
-173
2003
-3680
2671
801
-4494
2292
632
-4053
1286
545
-2694
1959
-460
-268
986
-1264
763
-1093
-405
-65
26
320
-1166
121
264
-690
16
311
-1973
1467
-120
-3767
3886
555
-2951
2215
-483
61
1223
-1479
966
1783
-809
112
1371
850
-49
451
1259
-1235
-860
2160
-802
-2818
2668
1065
-3192
1099
710
-2800
1077
2502
-2380
367
4632
-19
-2860
3955
2542
-5447
5258
4178
-7410
5530
5663
-8235
1558
5214
-5387
843
3447
-2312
-214
547
24
-2248
345
3446
-3013
-96
4574
-2961
-565
4758
-1583
-1724
1730
1904
-1878
527
4393
-5261
-418
3211
-5750
-203
2421
-2913
-1677
378
-2214
-2217
-1769
-843
-189
-3180
2398
391
-4628
3639
-1079
-4944
4846
613
-4147
4909
1742
-5023
2576
1765
-2622
1062
270
-352
-1069
539
2640
-3012
-88
1844
-2267
222
1372
737
-855
1186
1132
-1998
1003
1771
-1217
-99
2057
-1977
-1889
2578
-1637
-3041
1627
-379
-1709
-768
632
-744
-3053
2542
990
-3408
2147
2416
-2402
1682
1960
-1348
3107
-260
-1004
4110
-313
-122
2302
-446
-1060
1658
680
-1546
2135
-376
-2442
2227
-1361
-1388
3688
-751
-2860
2944
1713
-3304
2102
2580
-3038
962
3227
-2223
671
3582
-3315
-747
1954
-2397
-569
1572
-1442
-404
665
-2414
827
-633
-1995
2507
-1837
-1201
3405
-2579
-1667
5508
-2767
-3051
6612
-1729
-3775
3730
1536
-2786
1038
2480
-4052
899
2268
-3450
1079
1900
-1233
-104
598
-514
-382
2314
-33
-1776
1594
689
-351
-571
1308
778
-2249
832
950
-1929
-826
1866
-1287
-2527
3204
-1784
-3847
4835
-2384
-3595
6269
-3100
-3497
3796
-1363
-3084
1168
2663
-5031
87
4229
-5477
-579
2780
-2545
-3023
919
426
-3458
2256
1028
-4653
2105
1425
-5730
1755
4577
-5412
1024
5768
-4593
208
4061
-2602
-547
1798
1209
-664
1305
2187
-3216
460
1507
-2921
1689
2530
-2654
-746
2083
-1106
-694
1515
-822
115
1302
241
198
1168
1802
-752
-76
2273
147
-66
2624
-328
-1087
2886
-391
-1891
4136
1062
-4854
3866
2854
-4686
4220
1991
-3588
3813
184
-1099
2955
-945
1904
503
-2076
3723
-812
-2487
2494
516
-3194
601
3017
-4739
854
3639
-5466
-290
3638
-3460
-3121
5557
-1630
-5406
3711
-605
-4038
279
1450
-1422
-1777
1054
-580
-3694
251
1882
-4303
-1803
4716
-3597
-5179
6778
-2520
-6157
6710
-2840
-4833
7178
-2752
-3326
5924
-2127
-2059
907
519
-127
-2120
2253
-1154
-2020
3302
-1780
-2762
2219
-939
-605
533
-2456
1594
1040
-2052
232
1659
162
290
1328
-1701
2498
1311
-2395
4529
-259
-1549
4594
-1621
-2072
4510
-557
-3007
4026
163
-4157
3887
928
-5564
4253
1477
-5438
4479
1382
-5619
3357
3476
-4869
911
4461
-3151
241
4482
-3332
-154
5489
-2958
-828
5226
-1628
-650
4547
-2279
-1400
4533
-2621
-1465
3799
-2122
-1140
2316
-1682
-1153
742
-1280
-259
-513
-1455
1442
-1088
-1526
2052
-3090
-773
3013
-3529
-76
2705
-2148
-444
1270
-569
-223
1096
-989
-544
1405
-1412
546
1358
-2143
959
587
-3149
1021
1064
-3497
1047
1156
-3467
701
1464
-3040
-403
1673
-3131
-492
2515
-2649
-330
3183
-2692
-237
3053
-2871
842
1884
-1088
1006
1511
317
-818
2363
-358
-1192
2954
-837
-276
2027
-1614
-283
1379
-902
-146
256
-648
-320
368
-1498
-121
1592
-1890
314
1204
-1492
1172
1311
-2032
827
845
-909
1957
-366
421
1706
-949
-340
-25
-197
50
-399
-309
139
440
-52
-808
1006
-1411
-1097
2555
-2002
-116
2811
-1395
344
1124
-386
575
1177
193
-685
1196
960
-869
251
1035
116
-480
-589
775
-1413
-27
1313
-3132
869
1104
-1944
285
-62
-417
-349
-724
1
-307
-452
-68
-3
-312
-789
1144
-1069
-1826
1651
-607
-1516
1179
474
-1396
-18
800
-577
-497
612
229
-357
695
447
-631
1068
339
-1208
1173
-309
-224
1728
-2016
-198
2383
-1790
-1170
1639
-731
-665
835
-666
173
238
334
373
-1337
1764
1068
-2012
2004
404
-1519
2096
-158
-958
1826
-217
-1607
1265
-193
-1537
900
-224
-436
416
-836
569
798
-1609
258
1169
-790
-475
1040
733
-1523
904
1214
-2321
1754
1089
-2466
1876
263
-1828
1730
-39
-1397
1412
454
-1648
341
453
-1101
263
593
-357
382
293
-769
168
-260
-46
832
-576
476
666
-1054
395
225
-821
388
-108
-229
276
520
-482
-734
479
-265
-319
314
786
-195
-150
448
-1035
25
715
-929
274
711
-955
418
-551
-571
410
-1169
327
-34
-734
472
166
-1580
27
1160
-1748
561
1397
-1348
378
1122
-650
-53
762
375
-469
86
411
-161
30
-86
-129
-801
506
392
-667
-84
195
-84
-936
456
119
-716
688
-259
-659
650
235
236
-462
112
1051
-663
437
503
164
784
-593
419
402
-323
546
65
-246
-260
705
102
-1070
1124
75
-1278
677
178
-837
78
1223
-1327
-625
2059
-1460
-626
1905
-702
-1015
1772
-41
-1376
1645
236
-1116
836
837
-796
68
1205
-612
-531
1249
-286
-762
1041
-206
-512
433
-24
-745
244
621
-1145
-26
806
-798
-751
644
-160
-984
144
152
-758
74
719
-1325
22
846
-1226
-312
226
-137
-378
83
34
-366
417
373
-589
-349
1247
-287
-893
1400
-244
-747
1151
-706
-404
1315
-791
-47
1026
-748
6
760
-265
-340
571
166
-657
484
668
-942
83
762
-977
70
762
-664
330
214
-982
597
-105
-788
132
-1
118
-700
-7
538
-429
-140
290
-321
91
314
-441
505
-163
-208
824
-465
-244
923
-263
-325
697
-273
184
-167
-369
929
-464
-38
542
-263
64
126
-81
-218
471
-277
51
650
-677
308
836
-632
-513
1166
17
-617
1057
45
-994
858
375
-1600
1135
527
-1531
827
716
-1141
-247
1276
-1149
-1036
1869
-741
-1106
2005
-668
-1343
1883
-501
-1141
1977
-541
-1050
1534
-608
-689
1071
-199
-871
720
142
-1090
647
203
-761
483
48
-395
456
125
-120
147
68
-240
135
166
-393
495
-19
-628
648
80
-994
521
5
-931
423
-282
-219
-17
-211
197
-553
-207
221
-621
-160
444
-787
147
457
-744
61
187
-471
-413
785
-444
-834
1401
-401
-1024
1235
-487
-609
1267
-665
-415
976
-99
-833
797
452
-1231
1025
149
-723
677
80
-273
-168
659
-228
-141
569
-36
69
-200
346
283
-377
417
653
-589
370
929
-801
483
858
-883
590
694
-1071
804
297
-915
952
-184
-468
683
-153
-421
292
45
-337
510
-150
-459
719
-123
-631
457
585
-594
53
924
-961
193
837
-1057
170
300
-434
-100
-127
-167
-44
11
-353
209
-50
-140
385
-660
119
257
-571
353
-245
97
296
-657
364
63
-541
279
-75
-445
394
19
-419
303
-206
-54
-139
-320
325
-658
87
274
-540
98
-80
68
-141
-147
135
21
-139
-83
390
-340
-89
473
-209
-46
94
-95
125
32
-422
388
277
-460
358
157
7
-103
67
397
-415
58
434
-236
-119
281
-279
-153
283
-302
-40
47
-16
-95
11
83
-318
356
-56
-197
335
-93
74
59
-144
250
150
-308
195
379
-271
-137
761
-256
-521
1097
-319
-433
979
-297
-323
630
-154
-306
531
52
-144
269
-8
49
90
-142
62
31
-97
270
-118
-173
285
-215
-156
15
6
43
-339
274
15
-281
369
-258
87
36
-32
183
-262
419
-105
-3
94
-297
253
-7
48
-261
150
234
-495
-38
155
-326
-248
289
-627
-374
218
-313
-286
-307
220
-282
-311
127
-369
296
-149
-438
614
-135
-375
325
63
-250
-206
425
-369
-382
560
-499
202
-12
-657
792
-216
-492
1028
-477
-297
1220
-1105
152
1191
-1273
519
1007
-1080
353
907
-717
295
743
-157
4
726
207
-612
678
-150
-262
717
-761
279
434
-660
502
288
-491
711
334
-746
822
85
-258
670
-221
51
83
69
-36
133
191
-3
39
-269
684
-710
-37
1313
-1080
-359
1221
-491
-1105
1511
-318
-1078
1323
-507
-1188
938
808
-1964
647
1053
-2111
1093
197
-1261
854
-144
56
-524
-572
1252
-1035
-810
1064
-1486
-54
533
-1608
711
-290
-503
103
-928
1036
-1226
-730
1338
-1735
-296
1656
-1907
-834
2390
-2312
-485
2288
-2612
460
2046
-2391
244
2566
-2312
-45
2338
-2562
132
1940
-1060
-478
1426
548
-2001
1679
1537
-3215
2495
1759
-3668
2723
1138
-3287
3001
701
-3080
2253
922
-2210
1479
1260
-1811
1305
1197
-1710
1458
1113
-1813
1495
1454
-2800
1271
2423
-3103
222
2957
-2790
-828
3585
-3015
-742
4096
-3310
-306
3648
-2455
-305
2898
-1822
-1058
2790
-1189
-1815
2453
-101
-2171
1608
541
-2024
1405
487
-1856
1342
469
-1417
1182
405
-1700
952
462
-1781
886
474
-1420
209
436
-654
-43
416
-422
286
137
-983
674
206
-1157
243
-48
-759
-349
73
-689
-641
568
-1059
-453
992
-893
-209
1056
-773
-515
776
-468
-398
263
-528
-109
261
-630
0
547
-1085
1
1117
-1419
249
1195
-1041
486
309
-602
204
238
-195
-298
315
-24
41
66
-42
413
110
61
377
-19
313
478
-460
338
566
-841
251
784
-853
144
397
-309
432
157
153
303
242
357
216
86
170
552
-209
60
563
-394
404
-48
-253
515
-333
277
261
-100
858
-142
-118
819
-429
339
302
-559
455
36
-56
53
89
181
-44
17
228
317
-534
735
355
-956
1038
-308
-355
764
-906
-145
411
-579
-436
591
-681
-431
996
-971
-14
734
-1026
300
258
-1132
309
76
-1001
-9
107
-645
-192
126
-735
132
-217
-728
538
-317
-388
336
-177
-568
187
-425
-571
213
-696
-22
-256
-549
346
-424
-527
438
-234
-573
583
-422
-323
683
-585
-265
456
-19
-658
187
918
-1181
462
1242
-1473
808
1281
-1160
649
1199
-858
393
834
-585
395
499
-309
131
370
250
-333
379
738
-637
617
728
-415
473
732
43
-121
936
257
-406
606
434
-322
418
511
-368
462
193
102
128
-57
509
-68
-181
296
295
-659
295
213
-825
446
-309
-384
93
-355
-156
-99
-129
-227
100
-119
-95
-2
-315
-149
-72
-34
-528
45
365
-859
29
232
-798
117
191
-680
-90
418
-523
-399
113
-401
-444
-49
-257
-681
251
-125
-696
232
-236
-345
98
-217
98
265
-415
194
397
-613
31
497
-260
-159
513
-117
-377
583
88
-577
594
499
-644
675
326
-571
769
103
-526
378
359
-417
207
647
-693
431
685
-1117
925
750
-1199
1134
607
-1346
1088
804
-1551
834
956
-1398
566
703
-944
147
562
-549
-23
746
-585
15
782
-529
-384
712
-150
-818
657
-18
-592
353
86
-362
-133
621
-216
-581
929
174
-911
685
379
-1093
503
589
-1205
328
745
-1210
25
740
-943
-202
612
-436
-130
166
-75
6
-170
-36
-89
-36
-120
-152
241
-42
-408
385
194
-1007
531
570
-954
459
683
-636
4
616
-330
-221
343
-64
-197
288
6
-289
399
-7
-315
445
126
-310
476
11
-306
441
-276
-31
246
-352
186
204
-316
-153
365
-190
-463
387
48
-208
260
55
-180
124
192
-433
4
343
-573
102
277
-582
121
327
-692
1
709
-810
67
848
-743
-194
630
-428
-574
629
-123
-586
504
227
-404
-76
441
-119
-332
485
15
-268
599
-91
-439
632
-64
-555
588
-56
-336
562
-45
-300
430
138
-596
564
325
-558
588
289
-418
110
440
-481
-160
756
-359
-261
668
13
-431
378
160
-452
378
187
-322
293
122
-145
-76
-120
-34
-148
-125
-53
25
-18
-128
28
-168
-169
185
-255
-266
345
-159
-360
168
-139
-352
5
-69
-280
113
96
-190
74
-24
-133
-65
23
-54
-19
92
-133
84
-137
-200
86
-279
58
135
-246
280
91
-179
284
-74
-88
312
-131
40
255
-169
171
106
-78
26
-60
275
-47
-34
500
-61
-103
438
-76
-145
477
-115
-233
549
-134
-390
565
26
-468
439
213
-439
310
369
-393
90
455
-322
-141
525
-273
-179
467
-266
-23
261
-306
132
125
-89
193
-146
54
134
-217
-41
60
-119
-171
67
-45
-279
-5
149
-380
-88
283
-441
-11
390
-417
-72
373
-319
-198
147
-54
-225
-89
207
-269
-247
295
-216
-328
252
-136
-249
80
-97
-49
-194
-22
41
-336
81
58
-378
186
157
-457
212
312
-330
62
420
-226
-107
485
-136
-66
261
122
-63
-13
357
-127
-60
198
-41
87
42
42
147
0
39
229
-80
165
174
-290
327
34
-358
462
119
-399
355
380
-354
52
531
-270
-156
525
-176
-119
339
-52
-94
134
29
-351
79
228
-557
109
392
-568
17
356
-333
-269
343
47
-513
345
107
-523
318
6
-364
130
45
-212
-52
300
-290
-155
486
-304
-232
342
-58
-236
108
-35
-224
67
-59
-229
-21
131
-174
-54
182
-213
13
136
-182
75
52
-96
106
-103
-59
136
-74
-92
76
173
-82
-5
208
-41
39
10
-35
79
23
-48
64
-3
-171
251
-75
-219
247
30
-94
30
175
-97
-38
318
-184
-110
400
-87
-154
175
69
-22
-145
200
122
-289
140
242
-179
-87
325
-6
-300
321
87
-400
244
131
-379
163
166
-355
18
235
-118
-172
203
93
-239
76
175
-80
-212
237
176
-452
99
341
-335
-93
228
-132
-40
54
-77
-43
23
-47
-100
1
-66
-100
-66
25
-85
-101
149
-92
-144
77
59
-40
-55
87
112
-52
-96
139
67
-158
28
127
-135
-49
180
-76
-121
134
107
-131
27
138
-50
2
114
-4
-172
255
13
-354
362
14
-352
278
116
-300
40
347
-171
-207
396
-3
-264
264
119
-271
152
221
-305
67
246
-244
-16
190
-166
-75
157
-89
-136
125
48
-206
40
107
-178
-26
88
-107
-67
76
-114
-77
103
-2
-72
37
120
-55
-64
156
20
-194
78
144
-233
-64
286
-116
-198
253
29
-182
77
116
-58
-64
68
31
-53
-44
25
8
-32
3
-63
78
4
-154
227
52
-175
189
45
-117
106
24
-53
72
-8
-110
102
13
-243
186
74
-321
147
171
-219
22
246
-101
-69
124
-73
-64
51
-2
-125
56
45
-166
61
26
-101
68
66
-157
14
250
-162
-117
241
-56
-191
149
40
-192
69
92
-154
-72
245
-53
-267
277
53
-267
171
98
-202
100
123
-204
58
160
-160
-38
125
-76
-6
88
-55
14
49
33
-13
-5
55
16
-2
-53
56
85
-137
1
177
-156
-56
206
-105
-66
119
16
-69
-22
74
-12
-62
-30
21
20
-136
-5
103
-93
-12
73
-36
-12
0
73
10
-91
70
16
-25
-16
-45
86
-18
-96
74
38
-78
0
71
-49
-50
105
-10
-53
44
6
2
-27
-14
31
-22
-29
12
0
21
-33
-27
99
-48
-63
91
-10
-67
-14
38
-25
-42
64
-36
-40
7
24
14
-73
87
49
-99
81
74
-82
14
52
-42
13
39
-42
-44
42
16
-102
44
56
-89
66
9
-25
106
-23
-20
85
-36
-47
99
-28
-120
110
-4
-153
95
43
-110
-7
91
-33
-72
67
10
-55
3
74
-64
-91
123
-33
-159
110
48
-130
57
53
-51
9
48
24
-44
1
79
-33
-53
99
-17
-89
61
24
-73
-8
58
-47
-62
87
-25
-98
103
-10
-122
79
42
-117
11
84
-63
-3
70
-19
15
40
-7
17
53
-12
-12
58
-30
-7
97
-62
-39
83
-45
-25
26
-11
17
25
-43
8
75
-44
-41
40
52
-61
-27
111
-54
-46
97
7
-62
24
45
-25
-16
26
58
-50
-28
45
-72
7
34
-102
8
72
-141
-19
131
-145
-40
126
-103
-60
98
-3
-95
25
55
-84
2
66
-86
-24
83
-80
-42
103
-58
-26
75
-19
22
12
-30
19
-4
-2
-7
12
11
-30
38
-8
-16
27
-11
-5
-4
25
1
29
-3
-39
77
-9
-54
60
17
-39
21
22
-27
2
41
-15
-7
61
-11
-7
42
-24
8
41
-17
5
28
-24
-5
17
-17
26
-9
-28
40
-13
4
5
-27
43
-30
-37
54
-33
-30
59
-32
-21
60
-31
-26
16
-19
-19
-2
6
-21
-23
22
10
-58
25
65
-85
0
82
-85
-16
56
-64
-22
30
-10
-26
0
8
-13
-12
30
-19
-33
77
-37
-55
71
-24
-34
30
19
-22
10
46
-34
-24
47
11
-67
43
69
-79
50
74
-66
38
72
-42
-30
59
8
-59
31
22
-35
1
11
-12
-16
-6
3
-12
-27
37
-9
-46
48
-2
-36
31
2
-30
8
17
-15
5
29
-19
-9
25
-9
-11
3
1
0
4
12
-14
10
11
-37
13
18
-41
4
29
-27
-22
26
3
-40
23
27
-60
18
50
-40
-4
40
-23
-24
46
-9
-23
37
-5
-17
19
4
-16
-1
7
7
-8
-1
17
-13
-9
10
-6
-13
3
25
-21
-18
46
-14
-26
21
6
-5
-11
24
-8
-40
32
15
-41
9
31
-39
-3
28
-17
-8
-1
9
-29
-15
44
-38
-30
41
-18
-11
40
-7
-9
47
-27
-31
62
-18
-42
43
22
-58
22
63
-68
-6
72
-28
-35
43
10
-29
23
14
-22
8
11
-27
6
5
-19
15
-10
-3
6
-5
23
-2
3
3
12
18
-27
19
24
-25
1
25
-24
-31
41
-19
-30
38
-2
-5
5
4
4
-7
8
3
